py1_1000_1_100 <- c(108, 108, 105, 95, 97, 76, 99, 113, 101, 98)
py2_1000_1_100 <- c(97, 78, 110, 103, 100, 96, 106, 90, 112, 108)
py3_1000_1_100 <- c(92, 114, 86, 107, 105, 116, 87, 97, 91, 105)
py4_1000_1_100 <- c(76, 91, 108, 106, 112, 109, 105, 92, 95, 106)
py5_1000_1_100 <- c(92, 120, 95, 88, 104, 93, 86, 107, 99, 116)
py6_1000_1_100 <- c(93, 105, 79, 105, 114, 95, 105, 95, 108, 101)
py7_1000_1_100 <- c(88, 80, 92, 101, 113, 110, 100, 106, 96, 114)
py8_1000_1_100 <- c(90, 100, 101, 111, 112, 97, 95, 90, 100, 104)
py9_1000_1_100 <- c(110, 98, 92, 108, 105, 91, 84, 107, 94, 111)
py10_1000_1_100 <- c(95, 91, 103, 108, 92, 124, 94, 107, 82, 104)
